405.0
387.0
438.0
444.0
406.0
434.0
371.0
454.0
414.0
389.0
377.0
371.0
383.0
382.0
405.0
396.0
336.0
444.0
379.0
465.0
430.0
428.0
417.0
415.0
382.0
463.0
485.0
445.0
460.0
386.0
317.0
396.0
402.0
410.0
390.0
341.0
370.0
317.0
388.0
327.0
325.0
350.0
423.0
406.0
368.0
394.0
378.0
440.0
457.0
433.0
368.0
344.0
357.0
378.0
360.0
360.0
378.0
356.0
318.0
334.0
323.0
406.0
253.0
269.0
309.0
386.0
286.0
368.0
318.0
307.0
278.0
273.0
316.0
400.0
375.0
361.0
350.0
374.0
302.0
349.0
336.0
388.0
387.0
502.0
381.0
416.0
379.0
354.0
469.0
381.0
312.0
339.0
359.0
316.0
388.0
302.0
354.0
337.0
345.0
379.0
394.0
374.0
375.0
297.0
366.0
399.0
471.0
403.0
357.0
1737.0
5684.0
9057.0
9534.0
9460.0
9378.0
9209.0
9197.0
9225.0
9575.0
9418.0
9612.0
9388.0
9560.0
9351.0
9598.0
9674.0
9537.0
9711.0
9423.0
9452.0
9413.0
9438.0
9376.0
9349.0
9384.0
8558.0
6984.0
2374.0
418.0
202.0
116.0
40.0
90.0
108.0
205.0
103.0
79.0
119.0
145.0
137.0
134.0
106.0
146.0
93.0
143.0
151.0
55.0
113.0
135.0
92.0
169.0
125.0
143.0
42.0
128.0
94.0
67.0
91.0
113.0
100.0
121.0
138.0
98.0
103.0
-12.0
92.0
13.0
63.0
148.0
92.0
88.0
34.0
98.0
80.0
86.0
57.0
154.0
122.0
64.0
47.0
129.0
89.0
153.0
83.0
109.0
96.0
122.0
8.0
60.0
153.0
85.0
106.0
54.0
74.0
49.0
110.0
77.0
70.0
73.0
98.0
111.0
68.0
-15.0
133.0
203.0
47.0
95.0
86.0
24.0
93.0
97.0
135.0
21.0
92.0
109.0
102.0
30.0
36.0
92.0
156.0
75.0
124.0
-28.0
81.0
114.0
115.0
86.0
45.0
