205.0
264.0
303.0
281.0
213.0
232.0
346.0
237.0
315.0
242.0
328.0
260.0
271.0
322.0
285.0
158.0
290.0
303.0
222.0
276.0
274.0
252.0
254.0
203.0
212.0
242.0
245.0
287.0
228.0
263.0
182.0
260.0
157.0
224.0
181.0
159.0
242.0
206.0
221.0
210.0
160.0
171.0
174.0
150.0
219.0
176.0
200.0
203.0
161.0
155.0
195.0
179.0
202.0
233.0
157.0
282.0
273.0
185.0
255.0
198.0
276.0
189.0
206.0
201.0
116.0
204.0
233.0
238.0
144.0
279.0
191.0
132.0
164.0
218.0
310.0
211.0
213.0
256.0
241.0
159.0
226.0
231.0
208.0
198.0
260.0
203.0
273.0
240.0
313.0
223.0
297.0
354.0
262.0
226.0
347.0
322.0
316.0
295.0
308.0
385.0
343.0
332.0
239.0
290.0
693.0
799.0
1290.0
1860.0
2459.0
3310.0
3663.0
4497.0
6079.0
7221.0
7941.0
8244.0
8863.0
9161.0
9198.0
9307.0
9438.0
9272.0
9405.0
9449.0
9475.0
9416.0
9403.0
9322.0
9271.0
9248.0
9117.0
8936.0
8709.0
8123.0
7728.0
6766.0
5652.0
4000.0
2721.0
1425.0
802.0
473.0
249.0
222.0
36.0
-81.0
-46.0
-82.0
48.0
-121.0
-68.0
-69.0
-24.0
-123.0
-7.0
-146.0
21.0
-69.0
-74.0
-152.0
-102.0
-91.0
-68.0
-96.0
-185.0
-180.0
-169.0
-212.0
-223.0
-137.0
-127.0
-131.0
-217.0
-189.0
-130.0
-243.0
-169.0
-183.0
-278.0
-159.0
-191.0
-219.0
-228.0
-160.0
-203.0
-200.0
-225.0
-228.0
-197.0
-211.0
-247.0
-210.0
-263.0
-214.0
-280.0
-280.0
-209.0
-272.0
-192.0
-244.0
-262.0
-341.0
-274.0
-234.0
-254.0
-302.0
-313.0
-298.0
-331.0
-236.0
-287.0
-293.0
-284.0
-274.0
-308.0
-376.0
-374.0
-329.0
-347.0
-271.0
-338.0
-266.0
-323.0
-290.0
-346.0
-277.0
-274.0
-261.0
-280.0
-257.0
-232.0
-315.0
-317.0
-247.0
-306.0
-306.0
-292.0
-280.0
-287.0
-307.0
