38.0
-47.0
-14.0
29.0
-44.0
-34.0
0.0
-110.0
-48.0
-147.0
21.0
-31.0
24.0
17.0
-21.0
34.0
-27.0
2.0
-13.0
-14.0
-25.0
-4.0
-97.0
-36.0
-64.0
-10.0
-66.0
-38.0
-105.0
-65.0
27.0
-47.0
-9.0
-74.0
-2.0
-49.0
-42.0
-46.0
-78.0
-54.0
-100.0
-68.0
-66.0
-99.0
-72.0
16.0
-17.0
-63.0
-96.0
-25.0
-22.0
-124.0
-115.0
-51.0
-76.0
-103.0
-87.0
-93.0
-128.0
-86.0
-104.0
-126.0
-92.0
-147.0
-109.0
-46.0
-146.0
19.0
-99.0
-48.0
-91.0
-79.0
-137.0
-96.0
-70.0
-124.0
-106.0
-121.0
-3.0
-83.0
-46.0
-180.0
-57.0
-172.0
99.0
-23.0
39.0
-13.0
-32.0
-83.0
11.0
-21.0
-38.0
-18.0
-47.0
-44.0
93.0
60.0
289.0
292.0
356.0
354.0
541.0
687.0
1207.0
1279.0
1556.0
1994.0
2496.0
3004.0
3038.0
3543.0
4580.0
5136.0
5672.0
6649.0
7260.0
7578.0
8371.0
8279.0
8765.0
9099.0
8902.0
8931.0
8897.0
8679.0
8561.0
8271.0
7687.0
7655.0
6995.0
6673.0
5820.0
5117.0
4865.0
3626.0
3576.0
2539.0
2282.0
1645.0
1300.0
548.0
645.0
365.0
-81.0
171.0
-4.0
-145.0
-13.0
-290.0
-213.0
-266.0
-253.0
-192.0
-217.0
-332.0
-325.0
-279.0
-336.0
-268.0
-205.0
-211.0
-323.0
-245.0
-252.0
-202.0
-278.0
-355.0
-287.0
-184.0
-262.0
-193.0
-241.0
-300.0
-276.0
-303.0
-346.0
-273.0
-290.0
-260.0
-276.0
-294.0
-308.0
-186.0
-286.0
-339.0
-275.0
-304.0
-286.0
-280.0
-300.0
-293.0
-273.0
-287.0
-242.0
-298.0
-326.0
-250.0
-331.0
-285.0
-280.0
-151.0
-214.0
-260.0
-345.0
-316.0
-336.0
-249.0
-279.0
-231.0
-253.0
-302.0
-327.0
-285.0
-365.0
-321.0
-282.0
-324.0
-285.0
-373.0
-344.0
-315.0
-303.0
-340.0
-291.0
-331.0
-309.0
-291.0
-314.0
-302.0
-358.0
-345.0
-305.0
-245.0
-269.0
-199.0
-304.0
-276.0
-310.0
-393.0
