-52.0
-43.0
-74.0
-60.0
-90.0
-101.0
-108.0
-66.0
-43.0
-115.0
-50.0
29.0
-114.0
-130.0
-111.0
-127.0
-90.0
-161.0
-66.0
-126.0
-130.0
-50.0
-41.0
-147.0
-86.0
-219.0
-65.0
-116.0
-72.0
-42.0
-38.0
-106.0
-114.0
-144.0
-122.0
-74.0
-102.0
-80.0
-106.0
-82.0
-130.0
-178.0
-152.0
-120.0
-74.0
-24.0
-154.0
-109.0
-170.0
-104.0
-81.0
-142.0
-169.0
-77.0
-131.0
-155.0
-104.0
-158.0
-61.0
-128.0
-250.0
-126.0
-144.0
-163.0
-168.0
-136.0
-142.0
-109.0
-102.0
-159.0
-57.0
-176.0
-165.0
-90.0
-144.0
-158.0
-149.0
-127.0
-6.0
-134.0
-109.0
-102.0
-123.0
-73.0
-11.0
-179.0
-81.0
-182.0
-153.0
-182.0
-92.0
-90.0
213.0
-3.0
86.0
275.0
162.0
451.0
367.0
604.0
672.0
1095.0
864.0
1203.0
1382.0
1639.0
2010.0
2605.0
2642.0
2989.0
2483.0
3445.0
4060.0
4460.0
4661.0
5803.0
6040.0
6405.0
6569.0
7165.0
7470.0
7900.0
7692.0
7711.0
7543.0
7254.0
7205.0
7038.0
6199.0
6020.0
5944.0
5210.0
4615.0
4646.0
4505.0
3555.0
3386.0
2628.0
2362.0
1702.0
1898.0
1204.0
1061.0
1190.0
571.0
399.0
119.0
395.0
325.0
-142.0
106.0
-165.0
-129.0
-134.0
43.0
-126.0
-268.0
-363.0
-183.0
-134.0
-139.0
-284.0
-175.0
-278.0
-313.0
-233.0
-276.0
-294.0
-232.0
-359.0
-348.0
-286.0
-223.0
-239.0
-203.0
-210.0
-310.0
-259.0
-302.0
-333.0
-273.0
-246.0
-273.0
-250.0
-295.0
-365.0
-248.0
-215.0
-258.0
-236.0
-195.0
-281.0
-283.0
-231.0
-282.0
-232.0
-367.0
-252.0
-365.0
-229.0
-328.0
-284.0
-254.0
-269.0
-346.0
-304.0
-283.0
-301.0
-216.0
-330.0
-298.0
-276.0
-294.0
-293.0
-286.0
-272.0
-320.0
-317.0
-441.0
-314.0
-324.0
-388.0
-400.0
-356.0
-335.0
-292.0
-330.0
-310.0
-346.0
-341.0
-311.0
-404.0
-404.0
-317.0
-315.0
-275.0
-395.0
-314.0
-304.0
