-164.0
-58.0
-190.0
-126.0
-96.0
-234.0
-167.0
-170.0
-147.0
-113.0
-33.0
-96.0
-167.0
-102.0
-90.0
-167.0
-125.0
-125.0
-118.0
-136.0
-216.0
-164.0
-39.0
-197.0
-136.0
-176.0
-169.0
-96.0
-114.0
-192.0
-232.0
-102.0
-149.0
-201.0
-185.0
-150.0
-140.0
-168.0
-140.0
-199.0
-159.0
-126.0
-160.0
-125.0
-153.0
-119.0
-136.0
-216.0
-167.0
-166.0
-130.0
-113.0
-146.0
-185.0
-210.0
-133.0
-150.0
-133.0
-145.0
-141.0
-139.0
-171.0
-109.0
-140.0
-104.0
-177.0
-142.0
-134.0
-152.0
-131.0
-119.0
-91.0
-171.0
-179.0
-132.0
-52.0
-63.0
-162.0
-96.0
-60.0
-104.0
-95.0
-102.0
-179.0
-94.0
-66.0
25.0
77.0
30.0
7.0
165.0
112.0
136.0
282.0
112.0
308.0
453.0
549.0
604.0
771.0
701.0
668.0
1161.0
990.0
1371.0
1751.0
1850.0
2415.0
2096.0
2708.0
2721.0
3269.0
3473.0
3923.0
4324.0
4656.0
5176.0
4866.0
5357.0
5975.0
6194.0
6332.0
6166.0
6143.0
6233.0
5816.0
5779.0
5648.0
5176.0
4711.0
4483.0
4149.0
3546.0
3378.0
3204.0
2990.0
2535.0
2329.0
1788.0
1710.0
1204.0
1360.0
1136.0
800.0
945.0
937.0
367.0
541.0
375.0
36.0
223.0
108.0
-42.0
15.0
-136.0
-179.0
-303.0
-262.0
-102.0
-212.0
-213.0
-228.0
-407.0
-235.0
-273.0
-208.0
-260.0
-268.0
-305.0
-222.0
-279.0
-289.0
-305.0
-326.0
-351.0
-308.0
-254.0
-222.0
-394.0
-307.0
-311.0
-311.0
-374.0
-368.0
-261.0
-300.0
-301.0
-359.0
-323.0
-355.0
-310.0
-366.0
-374.0
-368.0
-309.0
-337.0
-335.0
-352.0
-271.0
-296.0
-322.0
-474.0
-305.0
-384.0
-297.0
-330.0
-330.0
-326.0
-336.0
-354.0
-309.0
-361.0
-337.0
-305.0
-349.0
-334.0
-370.0
-229.0
-346.0
-353.0
-412.0
-296.0
-407.0
-387.0
-328.0
-362.0
-342.0
-364.0
-255.0
-339.0
-345.0
-328.0
-342.0
-381.0
-378.0
-301.0
-334.0
-360.0
-430.0
-332.0
