-176.0
-125.0
-138.0
-201.0
2.0
-114.0
-91.0
-7.0
-166.0
-127.0
-166.0
-164.0
-112.0
-94.0
-93.0
-159.0
-150.0
-54.0
-171.0
-110.0
-94.0
-244.0
-156.0
-162.0
-115.0
-205.0
-110.0
-229.0
-117.0
-156.0
-121.0
-144.0
-151.0
-108.0
-172.0
-130.0
-187.0
-138.0
-143.0
-237.0
-262.0
-205.0
-214.0
-123.0
-143.0
-167.0
-103.0
-195.0
-150.0
-158.0
-140.0
-271.0
-202.0
-240.0
-203.0
-148.0
-155.0
-136.0
-144.0
-259.0
-242.0
7.0
-92.0
-121.0
-146.0
-93.0
-144.0
-161.0
-160.0
-122.0
-154.0
-232.0
-248.0
-189.0
-123.0
-139.0
-176.0
-129.0
-87.0
-127.0
-114.0
-135.0
-113.0
-38.0
-18.0
13.0
21.0
2.0
43.0
63.0
118.0
84.0
119.0
181.0
255.0
440.0
524.0
827.0
961.0
944.0
731.0
1106.0
1117.0
1454.0
1767.0
1724.0
2111.0
2403.0
2157.0
2596.0
2533.0
2698.0
3302.0
3271.0
3763.0
4007.0
4118.0
4337.0
4566.0
4744.0
5040.0
4834.0
5446.0
5031.0
5202.0
5175.0
5116.0
4664.0
4461.0
4526.0
3876.0
3722.0
3289.0
2927.0
3095.0
2429.0
2437.0
2314.0
1987.0
1406.0
1683.0
1174.0
1194.0
765.0
699.0
506.0
603.0
247.0
359.0
210.0
168.0
-41.0
34.0
-35.0
-256.0
-168.0
-19.0
-192.0
-110.0
-331.0
-298.0
-324.0
-216.0
-272.0
-253.0
-323.0
-390.0
-413.0
-315.0
-331.0
-266.0
-298.0
-468.0
-400.0
-378.0
-312.0
-326.0
-319.0
-293.0
-396.0
-405.0
-388.0
-335.0
-386.0
-337.0
-388.0
-348.0
-270.0
-340.0
-332.0
-260.0
-349.0
-354.0
-280.0
-393.0
-318.0
-246.0
-359.0
-397.0
-311.0
-251.0
-297.0
-313.0
-256.0
-261.0
-316.0
-265.0
-372.0
-379.0
-334.0
-375.0
-354.0
-350.0
-337.0
-344.0
-279.0
-331.0
-329.0
-430.0
-343.0
-384.0
-384.0
-305.0
-352.0
-353.0
-383.0
-341.0
-412.0
-371.0
-345.0
-278.0
-385.0
-408.0
-337.0
-343.0
-355.0
-388.0
-409.0
-383.0
