-100.0
23.0
61.0
-31.0
10.0
-29.0
47.0
-40.0
17.0
-77.0
-24.0
0.0
10.0
18.0
4.0
27.0
9.0
19.0
-77.0
56.0
67.0
-15.0
-60.0
36.0
28.0
-9.0
3.0
64.0
36.0
58.0
20.0
-21.0
8.0
54.0
57.0
73.0
-19.0
45.0
43.0
-68.0
27.0
35.0
-10.0
34.0
-39.0
25.0
-19.0
8.0
-40.0
7.0
27.0
-21.0
-18.0
15.0
-8.0
-57.0
-49.0
82.0
53.0
-100.0
20.0
-20.0
-22.0
-21.0
98.0
-15.0
32.0
14.0
18.0
66.0
27.0
41.0
53.0
44.0
4.0
-11.0
115.0
28.0
4.0
74.0
48.0
162.0
52.0
155.0
161.0
262.0
369.0
319.0
444.0
514.0
395.0
423.0
632.0
893.0
931.0
1014.0
1113.0
952.0
1019.0
1321.0
1323.0
1320.0
1751.0
1776.0
1896.0
1639.0
2219.0
2192.0
2273.0
2374.0
2490.0
2705.0
2820.0
3554.0
3383.0
3441.0
3379.0
3719.0
3794.0
3795.0
3697.0
4344.0
3951.0
4021.0
3877.0
3563.0
3673.0
3598.0
3564.0
3577.0
3464.0
2846.0
2767.0
2693.0
2663.0
2255.0
2278.0
2143.0
1747.0
1701.0
1544.0
1491.0
1112.0
1387.0
829.0
940.0
846.0
628.0
667.0
528.0
328.0
564.0
314.0
173.0
150.0
500.0
279.0
330.0
148.0
162.0
-31.0
32.0
102.0
9.0
-118.0
-5.0
-40.0
-61.0
-76.0
-63.0
-60.0
-113.0
-142.0
-47.0
-71.0
-160.0
-165.0
-123.0
-210.0
-184.0
-77.0
-197.0
-135.0
-217.0
-177.0
-117.0
-166.0
-229.0
-60.0
-117.0
-151.0
-217.0
-214.0
-187.0
-196.0
-205.0
-161.0
-193.0
-111.0
-198.0
-195.0
-153.0
-213.0
-114.0
-209.0
-225.0
-198.0
-262.0
-196.0
-226.0
-228.0
-262.0
-223.0
-214.0
-266.0
-198.0
-248.0
-273.0
-341.0
-283.0
-272.0
-253.0
-285.0
-320.0
-289.0
-205.0
-305.0
-308.0
-270.0
-307.0
-266.0
-221.0
-289.0
-381.0
-247.0
-311.0
-282.0
-292.0
-309.0
