99.0
185.0
163.0
172.0
124.0
224.0
166.0
126.0
131.0
101.0
119.0
108.0
143.0
69.0
94.0
88.0
66.0
138.0
77.0
149.0
83.0
92.0
63.0
172.0
96.0
93.0
87.0
122.0
88.0
88.0
107.0
138.0
150.0
11.0
114.0
61.0
-27.0
114.0
97.0
154.0
39.0
72.0
111.0
202.0
126.0
107.0
101.0
110.0
146.0
126.0
97.0
153.0
138.0
125.0
124.0
155.0
85.0
203.0
105.0
145.0
238.0
163.0
153.0
230.0
153.0
203.0
225.0
199.0
228.0
253.0
247.0
202.0
204.0
369.0
298.0
237.0
288.0
284.0
210.0
281.0
323.0
277.0
297.0
374.0
542.0
440.0
432.0
544.0
621.0
593.0
746.0
665.0
629.0
721.0
1043.0
844.0
1253.0
1002.0
1132.0
1547.0
1641.0
1337.0
1732.0
1727.0
1745.0
1552.0
1812.0
1884.0
2270.0
2282.0
2359.0
2496.0
2673.0
2794.0
2430.0
3030.0
3208.0
3319.0
2696.0
2886.0
3255.0
3272.0
3119.0
3174.0
3665.0
3512.0
3563.0
3234.0
3320.0
3392.0
3280.0
3029.0
3130.0
2852.0
2750.0
2436.0
2630.0
2344.0
2279.0
2467.0
2238.0
1940.0
1817.0
1475.0
1577.0
1596.0
1491.0
1164.0
1175.0
1162.0
1330.0
1031.0
857.0
844.0
808.0
600.0
584.0
451.0
517.0
483.0
412.0
452.0
229.0
423.0
282.0
234.0
358.0
225.0
221.0
178.0
177.0
120.0
163.0
211.0
117.0
196.0
135.0
189.0
139.0
144.0
174.0
230.0
216.0
183.0
172.0
136.0
96.0
133.0
89.0
125.0
148.0
148.0
121.0
183.0
143.0
163.0
183.0
97.0
142.0
91.0
185.0
118.0
87.0
125.0
136.0
183.0
126.0
76.0
97.0
158.0
71.0
43.0
175.0
171.0
202.0
135.0
109.0
103.0
34.0
130.0
47.0
108.0
116.0
98.0
105.0
47.0
49.0
118.0
163.0
112.0
104.0
42.0
32.0
46.0
106.0
99.0
98.0
147.0
80.0
